1472
1807
1994
1999
2073
2127
2195
2272
2300
2306
2356
2445
2496
2569
2601
2625
2652
2683
2686
2758
2775
2800
2805
282
2890
2942
2945
3052
3136
3147
3155
3246
3285
3296
3358
3498
3519
3581
364
3886
4021
4040
4055
4174
4189
4236
4258
4333
4376
4383
4442
4623
4674
4691
4696
4711
4746
4771
4778
4797
4842
4879
4889
4920
4944
4991
5006
5051
5126
513
5265
5415
5474
5513
5520
5563
5573
5600
5606
5743
5812
5821
5839
5908
5947
5998
6009
6041
6071
6105
6221
6244
6248
6293
6299
6304
6319
6340
6354
6364
6369
6373
6390
6472
6473
6477
6489
6538
6564
6661
6672
6674
6686
6696
6706
6735
6778
6795
6798
6807
6810
6825
6834
6870
6886
6888
6936
6940
6949
6956
7001
7006
7051
7056
7069
7070
708
7085
7103
7109
7116
7121
7123
7126
7180
7194
7212
7218
7220
7226
7240
7242
7271
7281
7288
7327
7339
7344
7352
7358
7382
7395
7407
7413
7430
7435
7475
7478
7522
7549
7553
7563
7581
7587
7592
7596
7598
7602
7608
7624
7630
7631
7641
7644
7673
7677
7678
7691
7704
7707
7709
7713
7722
7726
7727
7741
7743
7758
7800
7801
7823
7835
7851
7858
7864
7866
7867
7885
7888
7894
7902
7919
7922
7924
7942
7949
7955
7971
7972
7980
7993
8005
8006
8012
8030
8045
8061
8067
8072
8080
8081
8087
8088
8090
8096
8097
8099
8100
8104
8109
8131
8137
8142
8144
8161
8163
8169
8173
8184
8188
8195
8201
8211
8215
8220
8236
8249
8261
8264
8267
8271
8275
8282
8291
8313
8326
8328
8329
8332
8338
8340
8341
8360
8362
8368
8379
8389
8391
8401
8405
8411
8417
8420
8433
8443
8446
8462
8466
8469
8471
8480
8486
8492
8493
8494
8496
8506
8512
8516
8517
8526
8538
8541
8546
8548
8550
8552
8556
8558
8559
8560
8566
8571
8572
8574
8576
8583
8597
8604
8607
8635
8636
8638
8644
8646
8647
8649
8651
8653
8661
8667
8668
8672
8674
8676
8677
8686
8687
8688
8689
8694
8695
8696
8701
8705
8708
8718
8719
8720
8721
8729
8730
8731
8734
8736
8738
8745
8747
8751
8753
8754
8758
8759
8766
8770
8772
8778
8779
8783
8793
8794
8800
8801
8815
8817
8825
8829
8833
8834
8842
8844
8847
8849
8852
8854
8859
8860
8868
8869
8875
8876
8878
8883
8884
8885
8887
8889
8892
8893
8894
8900
8905
8906
8908
8909
8912
8913
8914
8918
8919
8923
8928
8929
8931
8932
8942
8943
8944
8945
8948
8949
8951
8954
8955
8957
8959
8960
8961
8972
8973
8974
8980
8984
8986
8988
8998
8999
9000
9005
9006
9008
9010
9011
9013
9018
9019
9020
9022
9032
9033
9036
9039
9044
9048
9050
9056
9057
9060
9061
9066
9067
9068
9070
9072
9073
9083
9086
9087
9090
9095
9096
9097
9099
9102
9108
9115
9116
9117
9118
9119
9122
9123
9124
9125
9128
9129
9131
9133
9134
9135
9137
9138
9139
9141
9142
9143
9144
9145
9146
9150
9153
9154
9155
9156
9159
9163
9165
9166
9168
9169
9171
9172
9173
9175
9176
9180
9181
9183
9184
9185
9187
9191
9193
9194
9195
9198
9200
9201
9202
9203
9205
9206
9208
9209
9211
9212
9214
9217
9220
9221
9222
9223
9224
9226
9227
9229
9230
9231
9233
9235
9236
9237
9240
9243
9244
9247
9250
9251
9252
9253
9254
9255
9257
9258
9259
9260
9261
9262
9263
9264
9266
9267
9268
9269
9270
9271
9273
9276
9277
9279
9280
9281
9282
9283
9286
9287
9288
9289
9290
9291
9292
9293
9294
9295
9296
9297
9300
9302
9303
9304
9305
9306
9307
9308
9310
9311
9312
9313
9314
9315
9316
9318
9319
9320
9321
9322
9324
9325
9326
9328
9329
9330
9331
9333
9334
9335
9336
9337
9338
9339
9340
9342
9343
9344
9345
9346
9347
9348
9349
9350
9351
9352
9353
9354
9355
9356
9357
9358
9359
9360
9361
9362
9363
9364
9365
1005
1019
1025
1052
1071
1099
1105
1108
1129
1148
1164
1166
1169
1219
1221
1224
1240
1242
1273
1279
1286
1291
1292
1299
1313
1324
1339
1340
1345
1357
1364
1367
1389
1397
1402
1409
1421
1428
1433
1438
1458
1470
1485
1495
1500
1506
1517
1566
1604
1609
1627
1642
1647
1653
1657
1678
1700
1717
1719
1725
1726
1757
1763
1769
1774
1801
1806
1808
1838
1852
1865
1901
1907
1908
1909
1923
1960
1964
1971
1982
2001
2009
2010
2045
2062
2121
2160
2167
2175
2219
2223
2248
2262
2269
2278
2282
2295
2318
2326
2334
2335
2336
2347
2353
2359
2365
2390
2412
2441
2451
2476
2489
2535
2542
2550
2554
2582
2593
2605
2611
2613
2645
2650
2665
2697
2698
2705
2717
2762
2821
2824
2826
2868
2880
2893
2905
2919
2950
2957
2959
2967
2987
2996
3023
3024
3035
3040
3074
3089
3091
3096
3152
3156
3167
3170
3172
3183
3187
3218
3231
3236
3254
3293
3294
3297
3300
3302
3312
3354
3356
3367
3397
3426
3430
3501
3537
3547
3571
3573
3598
3617
3636
3637
3641
3642
3655
3678
3704
3708
3721
3725
3736
3752
3769
3774
3786
3811
3837
3878
3901
3916
3919
3928
3955
3973
4001
4010
4014
4026
4030
4085
4095
4100
4166
4168
4172
4177
4234
4235
4257
4259
4261
4322
4334
4345
4346
4350
4354
4406
4408
4443
4457
4496
4502
4503
4504
4508
4512
4548
4573
4574
4706
4710
4723
4758
4798
4799
4846
4874
4883
4885
4892
4932
4945
4948
4993
4994
5004
5018
5022
5039
5085
5110
5124
5174
5175
5179
5180
5181
5234
5238
5258
5352
5353
5370
5382
5383
5398
5414
5432
5446
5463
5548
5556
5583
5585
5611
5626
5651
5654
5656
5657
5681
5699
5700
5701
5714
5728
5729
5759
5844
5845
5846
5847
5890
5909
5919
5929
5930
5931
5932
5978
5991
5997
6011
6012
6040
6083
6084
6085
6108
6125
6152
6154
6162
6174
6234
6255
6317
6381
6432
6438
6523
6567
6588
6597
6636
6645
6927
6977
6988
7031
7032
7094
7111
7163
7223
7224
7286
7287
7290
7380
7455
7473
7494
7497
7576
7603
7604
7663
7804
7932
7948
7975
8337
